{
  "f_loss": [
    0.1,
    0.125,
    0.15000000000000002,
    0.17500000000000002,
    0.2,
    0.225,
    0.25,
    0.275,
    0.30000000000000004,
    0.325,
    0.35,
    0.375,
    0.4,
    0.42500000000000004,
    0.45000000000000007,
    0.475,
    0.5,
    0.525,
    0.55,
    0.5750000000000001,
    0.6,
    0.625,
    0.65,
    0.675,
    0.7000000000000001,
    0.725,
    0.75,
    0.775,
    0.8,
    0.8250000000000001,
    0.85,
    0.875,
    0.9
  ],
  "w_soybelt": [
    0.05,
    0.0625,
    0.07500000000000001,
    0.08750000000000001,
    0.1,
    0.1125,
    0.125,
    0.1375,
    0.15000000000000002,
    0.1625,
    0.175,
    0.1875,
    0.2,
    0.21250000000000002,
    0.22500000000000003,
    0.2375,
    0.25,
    0.2625,
    0.275,
    0.28750000000000003,
    0.3,
    0.3125,
    0.325,
    0.3375,
    0.35000000000000003,
    0.3625,
    0.375,
    0.3875,
    0.4,
    0.41250000000000003,
    0.425,
    0.4375,
    0.45
  ],
  "perha": [
    [
      19.8,
      24.8,
      29.7,
      34.7,
      39.6,
      44.6,
      49.5,
      54.5,
      59.4,
      64.4,
      69.3,
      74.3,
      79.2,
      84.2,
      89.2,
      94.1,
      99.1,
      104.0,
      109.0,
      113.9,
      118.9,
      123.8,
      128.8,
      133.7,
      138.7,
      143.6,
      148.6,
      153.5,
      158.5,
      163.4,
      168.4,
      173.4,
      178.3
    ],
    [
      24.8,
      31.0,
      37.1,
      43.3,
      49.5,
      55.7,
      61.9,
      68.1,
      74.3,
      80.5,
      86.7,
      92.9,
      99.1,
      105.3,
      111.4,
      117.6,
      123.8,
      130.0,
      136.2,
      142.4,
      148.6,
      154.8,
      161.0,
      167.2,
      173.4,
      179.5,
      185.7,
      191.9,
      198.1,
      204.3,
      210.5,
      216.7,
      222.9
    ],
    [
      29.7,
      37.1,
      44.6,
      52.0,
      59.4,
      66.9,
      74.3,
      81.7,
      89.2,
      96.6,
      104.0,
      111.4,
      118.9,
      126.3,
      133.7,
      141.2,
      148.6,
      156.0,
      163.4,
      170.9,
      178.3,
      185.7,
      193.2,
      200.6,
      208.0,
      215.5,
      222.9,
      230.3,
      237.7,
      245.2,
      252.6,
      260.0,
      267.5
    ],
    [
      34.7,
      43.3,
      52.0,
      60.7,
      69.3,
      78.0,
      86.7,
      95.3,
      104.0,
      112.7,
      121.3,
      130.0,
      138.7,
      147.4,
      156.0,
      164.7,
      173.4,
      182.0,
      190.7,
      199.4,
      208.0,
      216.7,
      225.4,
      234.0,
      242.7,
      251.4,
      260.0,
      268.7,
      277.4,
      286.0,
      294.7,
      303.4,
      312.0
    ],
    [
      39.6,
      49.5,
      59.4,
      69.3,
      79.2,
      89.2,
      99.1,
      109.0,
      118.9,
      128.8,
      138.7,
      148.6,
      158.5,
      168.4,
      178.3,
      188.2,
      198.1,
      208.0,
      217.9,
      227.8,
      237.7,
      247.7,
      257.6,
      267.5,
      277.4,
      287.3,
      297.2,
      307.1,
      317.0,
      326.9,
      336.8,
      346.7,
      356.6
    ],
    [
      44.6,
      55.7,
      66.9,
      78.0,
      89.2,
      100.3,
      111.4,
      122.6,
      133.7,
      144.9,
      156.0,
      167.2,
      178.3,
      189.5,
      200.6,
      211.7,
      222.9,
      234.0,
      245.2,
      256.3,
      267.5,
      278.6,
      289.8,
      300.9,
      312.0,
      323.2,
      334.3,
      345.5,
      356.6,
      367.8,
      378.9,
      390.0,
      401.2
    ],
    [
      49.5,
      61.9,
      74.3,
      86.7,
      99.1,
      111.4,
      123.8,
      136.2,
      148.6,
      161.0,
      173.4,
      185.7,
      198.1,
      210.5,
      222.9,
      235.3,
      247.7,
      260.0,
      272.4,
      284.8,
      297.2,
      309.6,
      321.9,
      334.3,
      346.7,
      359.1,
      371.5,
      383.9,
      396.2,
      408.6,
      421.0,
      433.4,
      445.8
    ],
    [
      54.5,
      68.1,
      81.7,
      95.3,
      109.0,
      122.6,
      136.2,
      149.8,
      163.4,
      177.1,
      190.7,
      204.3,
      217.9,
      231.6,
      245.2,
      258.8,
      272.4,
      286.0,
      299.7,
      313.3,
      326.9,
      340.5,
      354.1,
      367.8,
      381.4,
      395.0,
      408.6,
      422.2,
      435.9,
      449.5,
      463.1,
      476.7,
      490.3
    ],
    [
      59.4,
      74.3,
      89.2,
      104.0,
      118.9,
      133.7,
      148.6,
      163.4,
      178.3,
      193.2,
      208.0,
      222.9,
      237.7,
      252.6,
      267.5,
      282.3,
      297.2,
      312.0,
      326.9,
      341.8,
      356.6,
      371.5,
      386.3,
      401.2,
      416.1,
      430.9,
      445.8,
      460.6,
      475.5,
      490.3,
      505.2,
      520.1,
      534.9
    ],
    [
      64.4,
      80.5,
      96.6,
      112.7,
      128.8,
      144.9,
      161.0,
      177.1,
      193.2,
      209.3,
      225.4,
      241.5,
      257.6,
      273.7,
      289.8,
      305.8,
      321.9,
      338.0,
      354.1,
      370.2,
      386.3,
      402.4,
      418.5,
      434.6,
      450.7,
      466.8,
      482.9,
      499.0,
      515.1,
      531.2,
      547.3,
      563.4,
      579.5
    ],
    [
      69.3,
      86.7,
      104.0,
      121.3,
      138.7,
      156.0,
      173.4,
      190.7,
      208.0,
      225.4,
      242.7,
      260.0,
      277.4,
      294.7,
      312.0,
      329.4,
      346.7,
      364.0,
      381.4,
      398.7,
      416.1,
      433.4,
      450.7,
      468.1,
      485.4,
      502.7,
      520.1,
      537.4,
      554.7,
      572.1,
      589.4,
      606.7,
      624.1
    ],
    [
      74.3,
      92.9,
      111.4,
      130.0,
      148.6,
      167.2,
      185.7,
      204.3,
      222.9,
      241.5,
      260.0,
      278.6,
      297.2,
      315.8,
      334.3,
      352.9,
      371.5,
      390.0,
      408.6,
      427.2,
      445.8,
      464.3,
      482.9,
      501.5,
      520.1,
      538.6,
      557.2,
      575.8,
      594.4,
      612.9,
      631.5,
      650.1,
      668.7
    ],
    [
      79.2,
      99.1,
      118.9,
      138.7,
      158.5,
      178.3,
      198.1,
      217.9,
      237.7,
      257.6,
      277.4,
      297.2,
      317.0,
      336.8,
      356.6,
      376.4,
      396.2,
      416.1,
      435.9,
      455.7,
      475.5,
      495.3,
      515.1,
      534.9,
      554.7,
      574.5,
      594.4,
      614.2,
      634.0,
      653.8,
      673.6,
      693.4,
      713.2
    ],
    [
      84.2,
      105.3,
      126.3,
      147.4,
      168.4,
      189.5,
      210.5,
      231.6,
      252.6,
      273.7,
      294.7,
      315.8,
      336.8,
      357.9,
      378.9,
      400.0,
      421.0,
      442.1,
      463.1,
      484.2,
      505.2,
      526.3,
      547.3,
      568.4,
      589.4,
      610.5,
      631.5,
      652.6,
      673.6,
      694.7,
      715.7,
      736.8,
      757.8
    ],
    [
      89.2,
      111.4,
      133.7,
      156.0,
      178.3,
      200.6,
      222.9,
      245.2,
      267.5,
      289.8,
      312.0,
      334.3,
      356.6,
      378.9,
      401.2,
      423.5,
      445.8,
      468.1,
      490.3,
      512.6,
      534.9,
      557.2,
      579.5,
      601.8,
      624.1,
      646.4,
      668.7,
      690.9,
      713.2,
      735.5,
      757.8,
      780.1,
      802.4
    ],
    [
      94.1,
      117.6,
      141.2,
      164.7,
      188.2,
      211.7,
      235.3,
      258.8,
      282.3,
      305.8,
      329.4,
      352.9,
      376.4,
      400.0,
      423.5,
      447.0,
      470.5,
      494.1,
      517.6,
      541.1,
      564.6,
      588.2,
      611.7,
      635.2,
      658.8,
      682.3,
      705.8,
      729.3,
      752.9,
      776.4,
      799.9,
      823.4,
      847.0
    ],
    [
      99.1,
      123.8,
      148.6,
      173.4,
      198.1,
      222.9,
      247.7,
      272.4,
      297.2,
      321.9,
      346.7,
      371.5,
      396.2,
      421.0,
      445.8,
      470.5,
      495.3,
      520.1,
      544.8,
      569.6,
      594.4,
      619.1,
      643.9,
      668.7,
      693.4,
      718.2,
      743.0,
      767.7,
      792.5,
      817.2,
      842.0,
      866.8,
      891.5
    ],
    [
      104.0,
      130.0,
      156.0,
      182.0,
      208.0,
      234.0,
      260.0,
      286.0,
      312.0,
      338.0,
      364.0,
      390.0,
      416.1,
      442.1,
      468.1,
      494.1,
      520.1,
      546.1,
      572.1,
      598.1,
      624.1,
      650.1,
      676.1,
      702.1,
      728.1,
      754.1,
      780.1,
      806.1,
      832.1,
      858.1,
      884.1,
      910.1,
      936.1
    ],
    [
      109.0,
      136.2,
      163.4,
      190.7,
      217.9,
      245.2,
      272.4,
      299.7,
      326.9,
      354.1,
      381.4,
      408.6,
      435.9,
      463.1,
      490.3,
      517.6,
      544.8,
      572.1,
      599.3,
      626.6,
      653.8,
      681.0,
      708.3,
      735.5,
      762.8,
      790.0,
      817.2,
      844.5,
      871.7,
      899.0,
      926.2,
      953.5,
      980.7
    ],
    [
      113.9,
      142.4,
      170.9,
      199.4,
      227.8,
      256.3,
      284.8,
      313.3,
      341.8,
      370.2,
      398.7,
      427.2,
      455.7,
      484.2,
      512.6,
      541.1,
      569.6,
      598.1,
      626.6,
      655.0,
      683.5,
      712.0,
      740.5,
      769.0,
      797.4,
      825.9,
      854.4,
      882.9,
      911.4,
      939.8,
      968.3,
      996.8,
      1025.3
    ],
    [
      118.9,
      148.6,
      178.3,
      208.0,
      237.7,
      267.5,
      297.2,
      326.9,
      356.6,
      386.3,
      416.1,
      445.8,
      475.5,
      505.2,
      534.9,
      564.6,
      594.4,
      624.1,
      653.8,
      683.5,
      713.2,
      743.0,
      772.7,
      802.4,
      832.1,
      861.8,
      891.5,
      921.3,
      951.0,
      980.7,
      1010.4,
      1040.1,
      1069.9
    ],
    [
      123.8,
      154.8,
      185.7,
      216.7,
      247.7,
      278.6,
      309.6,
      340.5,
      371.5,
      402.4,
      433.4,
      464.3,
      495.3,
      526.3,
      557.2,
      588.2,
      619.1,
      650.1,
      681.0,
      712.0,
      743.0,
      773.9,
      804.9,
      835.8,
      866.8,
      897.7,
      928.7,
      959.6,
      990.6,
      1021.6,
      1052.5,
      1083.5,
      1114.4
    ],
    [
      128.8,
      161.0,
      193.2,
      225.4,
      257.6,
      289.8,
      321.9,
      354.1,
      386.3,
      418.5,
      450.7,
      482.9,
      515.1,
      547.3,
      579.5,
      611.7,
      643.9,
      676.1,
      708.3,
      740.5,
      772.7,
      804.9,
      837.1,
      869.3,
      901.4,
      933.6,
      965.8,
      998.0,
      1030.2,
      1062.4,
      1094.6,
      1126.8,
      1159.0
    ],
    [
      133.7,
      167.2,
      200.6,
      234.0,
      267.5,
      300.9,
      334.3,
      367.8,
      401.2,
      434.6,
      468.1,
      501.5,
      534.9,
      568.4,
      601.8,
      635.2,
      668.7,
      702.1,
      735.5,
      769.0,
      802.4,
      835.8,
      869.3,
      902.7,
      936.1,
      969.6,
      1003.0,
      1036.4,
      1069.9,
      1103.3,
      1136.7,
      1170.1,
      1203.6
    ],
    [
      138.7,
      173.4,
      208.0,
      242.7,
      277.4,
      312.0,
      346.7,
      381.4,
      416.1,
      450.7,
      485.4,
      520.1,
      554.7,
      589.4,
      624.1,
      658.8,
      693.4,
      728.1,
      762.8,
      797.4,
      832.1,
      866.8,
      901.4,
      936.1,
      970.8,
      1005.5,
      1040.1,
      1074.8,
      1109.5,
      1144.1,
      1178.8,
      1213.5,
      1248.2
    ],
    [
      143.6,
      179.5,
      215.5,
      251.4,
      287.3,
      323.2,
      359.1,
      395.0,
      430.9,
      466.8,
      502.7,
      538.6,
      574.5,
      610.5,
      646.4,
      682.3,
      718.2,
      754.1,
      790.0,
      825.9,
      861.8,
      897.7,
      933.6,
      969.6,
      1005.5,
      1041.4,
      1077.3,
      1113.2,
      1149.1,
      1185.0,
      1220.9,
      1256.8,
      1292.7
    ],
    [
      148.6,
      185.7,
      222.9,
      260.0,
      297.2,
      334.3,
      371.5,
      408.6,
      445.8,
      482.9,
      520.1,
      557.2,
      594.4,
      631.5,
      668.7,
      705.8,
      743.0,
      780.1,
      817.2,
      854.4,
      891.5,
      928.7,
      965.8,
      1003.0,
      1040.1,
      1077.3,
      1114.4,
      1151.6,
      1188.7,
      1225.9,
      1263.0,
      1300.2,
      1337.3
    ],
    [
      153.5,
      191.9,
      230.3,
      268.7,
      307.1,
      345.5,
      383.9,
      422.2,
      460.6,
      499.0,
      537.4,
      575.8,
      614.2,
      652.6,
      690.9,
      729.3,
      767.7,
      806.1,
      844.5,
      882.9,
      921.3,
      959.6,
      998.0,
      1036.4,
      1074.8,
      1113.2,
      1151.6,
      1190.0,
      1228.3,
      1266.7,
      1305.1,
      1343.5,
      1381.9
    ],
    [
      158.5,
      198.1,
      237.7,
      277.4,
      317.0,
      356.6,
      396.2,
      435.9,
      475.5,
      515.1,
      554.7,
      594.4,
      634.0,
      673.6,
      713.2,
      752.9,
      792.5,
      832.1,
      871.7,
      911.4,
      951.0,
      990.6,
      1030.2,
      1069.9,
      1109.5,
      1149.1,
      1188.7,
      1228.3,
      1268.0,
      1307.6,
      1347.2,
      1386.8,
      1426.5
    ],
    [
      163.4,
      204.3,
      245.2,
      286.0,
      326.9,
      367.8,
      408.6,
      449.5,
      490.3,
      531.2,
      572.1,
      612.9,
      653.8,
      694.7,
      735.5,
      776.4,
      817.2,
      858.1,
      899.0,
      939.8,
      980.7,
      1021.6,
      1062.4,
      1103.3,
      1144.1,
      1185.0,
      1225.9,
      1266.7,
      1307.6,
      1348.5,
      1389.3,
      1430.2,
      1471.0
    ],
    [
      168.4,
      210.5,
      252.6,
      294.7,
      336.8,
      378.9,
      421.0,
      463.1,
      505.2,
      547.3,
      589.4,
      631.5,
      673.6,
      715.7,
      757.8,
      799.9,
      842.0,
      884.1,
      926.2,
      968.3,
      1010.4,
      1052.5,
      1094.6,
      1136.7,
      1178.8,
      1220.9,
      1263.0,
      1305.1,
      1347.2,
      1389.3,
      1431.4,
      1473.5,
      1515.6
    ],
    [
      173.4,
      216.7,
      260.0,
      303.4,
      346.7,
      390.0,
      433.4,
      476.7,
      520.1,
      563.4,
      606.7,
      650.1,
      693.4,
      736.8,
      780.1,
      823.4,
      866.8,
      910.1,
      953.5,
      996.8,
      1040.1,
      1083.5,
      1126.8,
      1170.1,
      1213.5,
      1256.8,
      1300.2,
      1343.5,
      1386.8,
      1430.2,
      1473.5,
      1516.9,
      1560.2
    ],
    [
      178.3,
      222.9,
      267.5,
      312.0,
      356.6,
      401.2,
      445.8,
      490.3,
      534.9,
      579.5,
      624.1,
      668.7,
      713.2,
      757.8,
      802.4,
      847.0,
      891.5,
      936.1,
      980.7,
      1025.3,
      1069.9,
      1114.4,
      1159.0,
      1203.6,
      1248.2,
      1292.7,
      1337.3,
      1381.9,
      1426.5,
      1471.0,
      1515.6,
      1560.2,
      1604.8
    ]
  ],
  "w_recon": 0.2034,
  "w_sd": 0.085,
  "f_scenarios": {
    "low": 0.25,
    "central": 0.5,
    "high": 0.75
  },
  "_note": "$/ha over f_loss x w_soybelt (other params central). RECON w band and the three f_loss scenarios overlaid."
}